0.1 0.1 0.09812699999999999 0.005565224104333334
0.1 0.2 0.32260133333333335 0.00017295013155554928
0.1 0.30000000000000004 0.35721200000000003 9.873005600000151e-05
0.1 0.4 0.3762796666666667 8.160655322220212e-05
0.1 0.5 0.38985200000000003 5.5867562666650494e-05
0.1 0.6 0.4004703333333333 5.526481988890608e-05
0.1 0.7000000000000001 0.408915 4.4111875000002465e-05
0.1 0.8 0.41685999999999995 4.9171000000042264e-05
0.1 0.9 0.4236406666666666 5.0288612888943485e-05
0.1 1.0 0.429667 4.2500010999979576e-05
0.2 0.1 0.012345333333333335 0.0021492428782222224
0.2 0.2 0.07679866666666667 0.0044173750648888906
0.2 0.30000000000000004 0.290343 0.00011040938433332093
0.2 0.4 0.32979533333333333 5.481184488888291e-05
0.2 0.5 0.35157200000000005 3.7092682666634014e-05
0.2 0.6 0.367376 2.8335224000003434e-05
0.2 0.7000000000000001 0.3793356666666666 2.530822788893161e-05
0.2 0.8 0.390042 3.0919835999981826e-05
0.2 0.9 0.39901566666666666 2.579772122221491e-05
0.2 1.0 0.4072676666666667 2.168792122220209e-05
0.30000000000000004 0.1 0.006083666666666667 0.0011344217665555554
0.30000000000000004 0.2 0.012233333333333336 0.0018656165555555558
0.30000000000000004 0.30000000000000004 0.07779566666666668 0.003244498347888888
0.30000000000000004 0.4 0.271921 6.729439233331413e-05
0.30000000000000004 0.5 0.31193000000000004 3.0309499999978118e-05
0.30000000000000004 0.6 0.335825 2.4424408333348357e-05
0.30000000000000004 0.7000000000000001 0.3519253333333333 2.2027891555573276e-05
0.30000000000000004 0.8 0.3653246666666667 1.9089791555543245e-05
0.30000000000000004 0.9 0.37655666666666665 1.847632222226614e-05
0.30000000000000004 1.0 0.386782 2.027854266667406e-05
0.4 0.1 0.0034519999999999993 0.0005884909626666668
0.4 0.2 0.0055513333333333335 0.0008678342315555555
0.4 0.30000000000000004 0.011756 0.0015454543973333335
0.4 0.4 0.11032366666666665 0.0014593460732222237
0.4 0.5 0.262004 4.432211733332303e-05
0.4 0.6 0.29993866666666663 2.1781638222237443e-05
0.4 0.7000000000000001 0.321812 2.0585589333335652e-05
0.4 0.8 0.33900833333333336 1.924349722222385e-05
0.4 0.9 0.35341566666666663 2.0211321222249334e-05
0.4 1.0 0.3652376666666667 2.324448122220657e-05
0.5 0.1 0.002265 0.00035509614166666663
0.5 0.2 0.003302666666666667 0.0005029547262222221
0.5 0.30000000000000004 0.005657333333333334 0.0007531997795555556
0.5 0.4 0.011619333333333332 0.0013178715595555557
0.5 0.5 0.14940766666666666 0.00044854444122222406
0.5 0.6 0.256123 2.77147043333259e-05
0.5 0.7000000000000001 0.28961000000000003 2.3200633333317344e-05
0.5 0.8 0.3108463333333333 2.5419619888916722e-05
0.5 0.9 0.3280303333333333 2.607444655555735e-05
0.5 1.0 0.34193966666666664 3.005312655558756e-05
0.6 0.1 0.0014026666666666666 0.00018884645955555556
0.6 0.2 0.0019413333333333333 0.0002493208915555556
0.6 0.30000000000000004 0.0028083333333333333 0.0003314185638888889
0.6 0.4 0.005096333333333334 0.0005557094198888889
0.6 0.5 0.015579333333333334 0.0013952173728888888
0.6 0.6 0.18834666666666666 9.120162222222422e-05
0.6 0.7000000000000001 0.25141166666666664 2.5911497222239066e-05
0.6 0.8 0.28093100000000004 2.959067233331003e-05
0.6 0.9 0.30111733333333335 3.698116622220804e-05
0.6 1.0 0.3166333333333333 3.908062222222897e-05
0.7000000000000001 0.1 0.0008973333333333333 0.00010074919288888888
0.7000000000000001 0.2 0.0011253333333333332 0.00011944489155555557
0.7000000000000001 0.30000000000000004 0.0017043333333333335 0.00018411401455555555
0.7000000000000001 0.4 0.0025036666666666666 0.0002360691532222222
0.7000000000000001 0.5 0.004826666666666667 0.00048180362222222215
0.7000000000000001 0.6 0.019431 0.0013412023390000003
0.7000000000000001 0.7000000000000001 0.19840366666666664 4.051988655556088e-05
0.7000000000000001 0.8 0.24679433333333337 3.348833455554118e-05
0.7000000000000001 0.9 0.2725606666666667 4.582498622222875e-05
0.7000000000000001 1.0 0.289917 5.414107766667231e-05
0.8 0.1 0.00047999999999999996 3.695980000000001e-05
0.8 0.2 0.0006933333333333333 5.566735555555556e-05
0.8 0.30000000000000004 0.0009380000000000001 7.470902266666667e-05
0.8 0.4 0.0014290000000000001 0.00011044012566666667
0.8 0.5 0.0021086666666666667 0.00016217072488888888
0.8 0.6 0.005017000000000001 0.0003290807443333333
0.8 0.7000000000000001 0.06506566666666667 0.0009101869878888882
0.8 0.8 0.20591 4.6621366666659e-05
0.8 0.9 0.24150133333333335 7.381273155553786e-05
0.8 1.0 0.2627266666666667 7.749915555552156e-05
0.9 0.1 0.00022566666666666666 1.017284122222222e-05
0.9 0.2 0.00029666666666666665 1.4173788888888889e-05
0.9 0.30000000000000004 0.00039400000000000004 1.8808364e-05
0.9 0.4 0.0005059999999999999 2.394903066666667e-05
0.9 0.5 0.000792 3.6433336e-05
0.9 0.6 0.0014140000000000001 6.171280400000001e-05
0.9 0.7000000000000001 0.005501999999999999 0.0002365115293333334
0.9 0.8 0.14453066666666667 6.001165955555471e-05
0.9 0.9 0.20734033333333335 0.00015402620655554505
0.9 1.0 0.23488633333333334 0.00015523691322221617
1.0 0.1 1.8e-05 9.687600000000001e-08
1.0 0.2 3.633333333333334e-05 3.1577988888888887e-07
1.0 0.30000000000000004 8.533333333333334e-05 1.0660515555555553e-06
1.0 0.4 0.00010433333333333334 1.6809478888888888e-06
1.0 0.5 0.00018266666666666664 3.2389662222222224e-06
1.0 0.6 0.0003836666666666666 6.479166555555555e-06
1.0 0.7000000000000001 0.0009403333333333334 1.7274606555555556e-05
1.0 0.8 0.024880666666666666 8.779462622222228e-05
1.0 0.9 0.16709566666666667 0.0004713032812222219
1.0 1.0 0.206841 0.0003515927523333323
